6002.0	6
6003.0	6
6004.0	5
6005.0	5
6006.0	5
6007.0	5
6008.0	5
6009.0	5
6010.0	5
6011.0	5
6012.0	5
6013.0	5
6014.0	5
6015.0	6
6016.0	6
6017.0	6
6018.0	6
6019.0	5
6020.0	5
6021.0	7
6022.0	6
6023.0	6
6024.0	6
6025.0	6
6026.0	5
6027.0	6
6028.0	6
6029.0	7
6030.0	6
6031.0	6
6032.0	8
6033.0	7
6034.0	8
6035.0	7
6036.0	6
6037.0	7
6038.0	7
6039.0	7
6040.0	7
6041.0	7
6042.0	7
6043.0	7
6044.0	8
6045.0	8
6046.0	7
6047.0	7
6048.0	7
6049.0	6
6050.0	5
6051.0	5
6052.0	6
6053.0	5
6054.0	5
6055.0	5
6056.0	5
6057.0	5
6058.0	4
6059.0	5
6060.0	5
6061.0	5
6062.0	5
6063.0	4
6064.0	4
6065.0	5
6066.0	5
6067.0	5
6068.0	5
6069.0	6
6070.0	4
6071.0	5
6072.0	5
6073.0	4
6074.0	4
6075.0	4
6076.0	4
6077.0	5
6078.0	4
6079.0	4
6080.0	4
6081.0	4
6082.0	6
6083.0	5
6084.0	5
6085.0	6
6086.0	5
6087.0	5
6088.0	4
6089.0	5
6090.0	5
6091.0	5
6092.0	5
6093.0	5
6094.0	5
6095.0	5
6096.0	6
6097.0	6
6098.0	5
6099.0	5
6100.0	5
6101.0	4
6102.0	4
6103.0	4
6104.0	4
6105.0	5
6106.0	5
6107.0	5
6108.0	5
6109.0	5
6110.0	5
6111.0	5
6112.0	5
6113.0	4
6114.0	4
6115.0	4
6116.0	5
6117.0	5
6118.0	4
6119.0	4
6120.0	4
6121.0	5
6122.0	5
6123.0	5
6124.0	5
6125.0	5
6126.0	5
6127.0	5
6128.0	5
6129.0	5
6130.0	5
6131.0	5
6132.0	5
6133.0	4
6134.0	4
6135.0	4
6136.0	4
6137.0	4
6138.0	4
6139.0	4
6140.0	4
6141.0	4
6142.0	4
6143.0	4
6144.0	4
6145.0	4
6146.0	4
6147.0	4
6148.0	4
6149.0	4
6150.0	4
6151.0	5
6152.0	4
6153.0	4
6154.0	5
6155.0	5
6156.0	5
6157.0	5
6158.0	5
6159.0	5
6160.0	5
6161.0	5
6162.0	5
6163.0	5
6164.0	6
6165.0	6
6166.0	6
6167.0	6
6168.0	6
6169.0	6
6170.0	6
6171.0	5
6172.0	5
6173.0	5
6174.0	5
6175.0	6
6176.0	6
6177.0	6
6178.0	6
6179.0	6
6180.0	5
6181.0	5
6182.0	5
6183.0	5
6184.0	5
6185.0	5
6186.0	5
6187.0	5
6188.0	5
6189.0	5
6190.0	5
6191.0	5
6192.0	5
6193.0	5
6194.0	5
6195.0	5
6196.0	5
6197.0	5
6198.0	5
6199.0	5
6200.0	5
6201.0	5
6202.0	5
6203.0	5
6204.0	5
6205.0	5
6206.0	5
6207.0	5
6208.0	5
6209.0	5
6210.0	5
6211.0	5
6212.0	5
6213.0	5
6214.0	5
6215.0	5
6216.0	5
6217.0	5
6218.0	5
6219.0	5
6220.0	5
6221.0	5
6222.0	5
6223.0	5
6224.0	5
6225.0	5
6226.0	5
6227.0	5
6228.0	5
6229.0	5
6230.0	5
6231.0	5
6232.0	5
6233.0	5
6234.0	5
6235.0	5
6236.0	5
6237.0	4
6238.0	4
6239.0	4
6240.0	5
6241.0	4
6242.0	5
6243.0	5
6244.0	5
6245.0	5
6246.0	5
6247.0	5
6248.0	5
6249.0	5
6250.0	5
6251.0	5
6252.0	5
6253.0	5
6254.0	5
6255.0	5
6256.0	5
6257.0	5
6258.0	5
6259.0	5
6260.0	5
6261.0	5
6262.0	5
6263.0	5
6264.0	5
6265.0	5
6266.0	5
6267.0	5
6268.0	5
6269.0	5
6270.0	5
6271.0	5
6272.0	5
6273.0	5
6274.0	5
6275.0	5
6276.0	5
6277.0	5
6278.0	5
6279.0	5
6280.0	5
6281.0	5
6282.0	5
6283.0	5
6284.0	4
6285.0	5
6286.0	5
6287.0	5
6288.0	6
6289.0	5
6290.0	5
6291.0	5
6292.0	4
6293.0	4
6294.0	5
6295.0	6
6296.0	6
6297.0	6
6298.0	6
6299.0	6
6300.0	5
6301.0	6
6302.0	5
6303.0	5
6304.0	6
6305.0	6
6306.0	6
6307.0	6
6308.0	6
6309.0	5
6310.0	6
6311.0	6
6312.0	6
6313.0	6
6314.0	6
6315.0	6
6316.0	6
6317.0	6
6318.0	6
6319.0	6
6320.0	6
6321.0	6
6322.0	6
6323.0	6
6324.0	6
6325.0	6
6326.0	6
6327.0	6
6328.0	6
6329.0	6
6330.0	6
6331.0	6
6332.0	6
6333.0	6
6334.0	6
6335.0	6
6336.0	6
6337.0	6
6338.0	6
6339.0	6
6340.0	6
6341.0	6
6342.0	6
6343.0	6
6344.0	7
6345.0	6
6346.0	7
6347.0	7
6348.0	7
6349.0	6
6350.0	6
6351.0	6
6352.0	6
6353.0	6
6354.0	6
6355.0	6
6356.0	6
6357.0	6
6358.0	5
6359.0	5
6360.0	5
6361.0	6
6362.0	6
6363.0	6
6364.0	5
6365.0	4
6366.0	6
6367.0	6
6368.0	6
6369.0	6
6370.0	6
6371.0	6
6372.0	6
6373.0	6
6374.0	6
6375.0	6
6376.0	5
6377.0	6
6378.0	6
6379.0	6
6380.0	6
6381.0	6
6382.0	6
6383.0	6
6384.0	6
6385.0	7
6386.0	6
6387.0	6
6388.0	6
6389.0	6
6390.0	6
6391.0	6
6392.0	6
6393.0	6
6394.0	7
6395.0	7
6396.0	6
6397.0	6
6398.0	6
6399.0	6
6400.0	7
6401.0	6
6402.0	6
6403.0	6
6404.0	6
6405.0	6
6406.0	6
6407.0	6
6408.0	6
6409.0	6
6410.0	6
6411.0	6
6412.0	6
6413.0	5
6414.0	6
6415.0	5
6416.0	5
6417.0	7
6418.0	6
6419.0	7
6420.0	7
6421.0	7
6422.0	6
6423.0	7
6424.0	7
6425.0	7
6426.0	7
6427.0	6
6428.0	6
6429.0	6
6430.0	6
6431.0	7
6432.0	7
6433.0	6
6434.0	6
6435.0	6
6436.0	6
6437.0	6
6438.0	7
6439.0	7
6440.0	7
6441.0	7
6442.0	8
6443.0	7
6444.0	6
6445.0	7
6446.0	7
6447.0	7
6448.0	7
6449.0	7
6450.0	7
6451.0	7
6452.0	7
6453.0	7
6454.0	7
6455.0	8
6456.0	7
6457.0	6
6458.0	7
6459.0	7
6460.0	7
6461.0	6
6462.0	5
6463.0	6
6464.0	6
6465.0	6
6466.0	7
6467.0	6
6468.0	6
6469.0	6
6470.0	6
6471.0	5
6472.0	5
6473.0	6
6474.0	6
6475.0	6
6476.0	6
6477.0	6
6478.0	6
6479.0	5
6480.0	5
6481.0	5
6482.0	5
6483.0	5
6484.0	6
6485.0	6
6486.0	5
6487.0	5
6488.0	5
6489.0	5
6490.0	6
6491.0	6
6492.0	6
6493.0	5
6494.0	4
6495.0	4
6496.0	4
6497.0	4
6498.0	4
6499.0	5
6500.0	5
6501.0	5
6502.0	5
6503.0	5
6504.0	6
6505.0	6
6506.0	6
6507.0	6
6508.0	6
6509.0	4
6510.0	5
6511.0	5
6512.0	5
6513.0	6
6514.0	6
6515.0	5
6516.0	4
6517.0	4
6518.0	4
6519.0	6
6520.0	5
6521.0	6
6522.0	6
6523.0	6
6524.0	6
6525.0	6
6526.0	6
6527.0	6
6528.0	6
6529.0	6
6530.0	6
6531.0	6
6532.0	6
6533.0	6
6534.0	6
6535.0	6
6536.0	5
6537.0	6
6538.0	4
6539.0	6
6540.0	6
6541.0	6
6542.0	6
6543.0	6
6544.0	6
6545.0	6
6546.0	6
6547.0	6
6548.0	6
6549.0	6
6550.0	6
6551.0	6
6552.0	6
6553.0	6
6554.0	6
6555.0	6
6556.0	6
6557.0	6
6558.0	6
6559.0	5
6560.0	5
6561.0	5
6562.0	5
6563.0	6
6564.0	6
6565.0	6
6566.0	6
6567.0	6
6568.0	5
6569.0	5
6570.0	5
6571.0	5
6572.0	5
6573.0	5
6574.0	5
6575.0	5
6576.0	5
6577.0	5
6578.0	5
6579.0	5
6580.0	6
6581.0	5
6582.0	5
6583.0	5
6584.0	5
6585.0	5
6586.0	5
6587.0	5
6588.0	5
6589.0	5
6590.0	5
6591.0	5
6592.0	5
6593.0	5
6594.0	5
6595.0	5
6596.0	5
6597.0	5
6598.0	5
6599.0	6
6600.0	5
6601.0	6
6602.0	6
6603.0	6
6604.0	5
6605.0	5
6606.0	5
6607.0	5
6608.0	5
6609.0	5
6610.0	5
6611.0	5
6612.0	5
6613.0	5
6614.0	5
6615.0	6
6616.0	6
6617.0	5
6618.0	6
6619.0	6
6620.0	6
6621.0	6
6622.0	6
6623.0	6
6624.0	6
6625.0	6
6626.0	5
6627.0	6
6628.0	5
6629.0	5
6630.0	6
6631.0	6
6632.0	5
6633.0	6
6634.0	6
6635.0	6
6636.0	5
6637.0	5
6638.0	5
6639.0	5
6640.0	6
6641.0	6
6642.0	6
6643.0	5
6644.0	4
6645.0	4
6646.0	6
6647.0	6
6648.0	5
6649.0	5
6650.0	6
6651.0	6
6652.0	6
6653.0	6
6654.0	6
6655.0	7
6656.0	7
6657.0	6
6658.0	6
6659.0	5
6660.0	4
6661.0	5
6662.0	4
6663.0	4
6664.0	5
6665.0	5
6666.0	5
6667.0	5
6668.0	5
6669.0	5
6670.0	5
6671.0	5
6672.0	6
6673.0	5
6674.0	5
6675.0	5
6676.0	5
6677.0	4
6678.0	4
6679.0	5
6680.0	5
6681.0	5
6682.0	5
6683.0	5
6684.0	5
6685.0	5
6686.0	5
6687.0	5
6688.0	5
6689.0	5
6690.0	6
6691.0	6
6692.0	6
6693.0	6
6694.0	5
6695.0	6
6696.0	6
6697.0	5
6698.0	5
6699.0	6
6700.0	6
6701.0	6
6702.0	6
6703.0	6
6704.0	6
6705.0	6
6706.0	6
6707.0	6
6708.0	6
6709.0	7
6710.0	7
6711.0	7
6712.0	7
6713.0	7
6714.0	7
6715.0	6
6716.0	6
6717.0	5
6718.0	6
6719.0	6
6720.0	6
6721.0	6
6722.0	6
6723.0	6
6724.0	6
6725.0	6
6726.0	6
6727.0	6
6728.0	6
6729.0	7
6730.0	7
6731.0	7
6732.0	7
6733.0	7
6734.0	7
6735.0	7
6736.0	7
6737.0	6
6738.0	6
6739.0	6
6740.0	6
6741.0	6
6742.0	6
6743.0	6
6744.0	6
6745.0	5
6746.0	6
6747.0	5
6748.0	6
6749.0	5
6750.0	6
6751.0	5
6752.0	6
6753.0	5
6754.0	5
6755.0	6
6756.0	5
6757.0	5
6758.0	5
6759.0	6
6760.0	6
6761.0	5
6762.0	6
6763.0	4
6764.0	4
6765.0	5
6766.0	5
6767.0	5
6768.0	5
6769.0	5
6770.0	5
6771.0	6
6772.0	6
6773.0	6
6774.0	6
6775.0	5
6776.0	5
6777.0	5
6778.0	5
6779.0	5
6780.0	5
6781.0	5
6782.0	5
6783.0	5
6784.0	5
6785.0	6
6786.0	6
6787.0	6
6788.0	6
6789.0	6
6790.0	6
6791.0	6
6792.0	6
6793.0	7
6794.0	7
6795.0	7
6796.0	6
6797.0	6
6798.0	6
6799.0	7
6800.0	7
6801.0	6
6802.0	6
6803.0	6
6804.0	6
6805.0	6
6806.0	5
6807.0	6
6808.0	6
6809.0	5
6810.0	4
6811.0	4
6812.0	5
6813.0	4
6814.0	4
6815.0	4
6816.0	4
6817.0	4
6818.0	5
6819.0	6
6820.0	7
6821.0	7
6822.0	6
6823.0	7
6824.0	5
6825.0	5
6826.0	5
6827.0	5
6828.0	7
6829.0	7
6830.0	7
6831.0	7
6832.0	7
6833.0	7
6834.0	7
6835.0	6
6836.0	7
6837.0	7
6838.0	7
6839.0	6
6840.0	5
6841.0	6
6842.0	6
6843.0	5
6844.0	5
6845.0	5
6846.0	6
6847.0	6
6848.0	6
6849.0	6
6850.0	6
6851.0	5
6852.0	5
6853.0	5
6854.0	5
6855.0	5
6856.0	5
6857.0	5
6858.0	5
6859.0	5
6860.0	5
6861.0	5
6862.0	6
6863.0	6
6864.0	6
6865.0	6
6866.0	6
6867.0	5
6868.0	5
6869.0	5
6870.0	5
6871.0	5
6872.0	5
6873.0	5
6874.0	5
6875.0	5
6876.0	5
6877.0	5
6878.0	5
6879.0	5
6880.0	5
6881.0	5
6882.0	6
6883.0	6
6884.0	6
6885.0	6
6886.0	6
6887.0	7
6888.0	7
6889.0	7
6890.0	7
6891.0	7
6892.0	7
6893.0	7
6894.0	7
6895.0	7
6896.0	7
6897.0	7
6898.0	6
6899.0	6
6900.0	6
6901.0	6
6902.0	6
6903.0	7
6904.0	7
6905.0	7
6906.0	7
6907.0	7
6908.0	7
6909.0	7
6910.0	6
6911.0	6
6912.0	6
6913.0	5
6914.0	5
6915.0	5
6916.0	5
6917.0	5
6918.0	5
6919.0	6
6920.0	6
6921.0	6
6922.0	7
6923.0	6
6924.0	5
6925.0	5
6926.0	5
6927.0	5
6928.0	5
6929.0	5
6930.0	5
6931.0	5
6932.0	5
6933.0	5
6934.0	6
6935.0	6
6936.0	5
6937.0	5
6938.0	5
6939.0	5
6940.0	5
6941.0	5
6942.0	5
6943.0	6
6944.0	6
6945.0	5
6946.0	5
6947.0	5
6948.0	6
6949.0	6
6950.0	6
6951.0	5
6952.0	6
6953.0	6
6954.0	6
6955.0	6
6956.0	6
6957.0	7
6958.0	6
6959.0	5
6960.0	5
6961.0	6
6962.0	5
6963.0	5
6964.0	6
6965.0	7
6966.0	6
6967.0	7
6968.0	7
6969.0	7
6970.0	7
6971.0	6
6972.0	6
6973.0	6
6974.0	5
6975.0	5
6976.0	5
6977.0	5
6978.0	5
6979.0	5
6980.0	5
6981.0	5
6982.0	5
6983.0	5
6984.0	5
6985.0	5
6986.0	5
6987.0	5
6988.0	5
6989.0	5
6990.0	5
6991.0	5
6992.0	5
6993.0	5
6994.0	6
6995.0	5
6996.0	6
6997.0	6
6998.0	6
6999.0	6
7000.0	7
7001.0	7
7002.0	7
7003.0	7
7004.0	7
7005.0	7
7006.0	7
7007.0	6
7008.0	6
7009.0	7
7010.0	6
7011.0	6
7012.0	7
7013.0	8
7014.0	7
7015.0	7
7016.0	6
7017.0	7
7018.0	7
7019.0	8
7020.0	6
7021.0	5
7022.0	6
7023.0	6
7024.0	6
7025.0	5
7026.0	6
7027.0	6
7028.0	5
7029.0	5
7030.0	5
7031.0	4
7032.0	4
7033.0	4
7034.0	4
7035.0	4
7036.0	4
7037.0	4
7038.0	4
7039.0	4
7040.0	4
7041.0	4
7042.0	4
7043.0	5
7044.0	4
7045.0	6
7046.0	6
7047.0	5
7048.0	6
7049.0	6
7050.0	5
7051.0	5
7052.0	5
7053.0	5
7054.0	6
7055.0	4
7056.0	4
7057.0	5
7058.0	4
7059.0	4
7060.0	5
7061.0	5
7062.0	5
7063.0	5
7064.0	5
7065.0	6
7066.0	6
7067.0	6
7068.0	6
7069.0	5
7070.0	6
7071.0	6
7072.0	6
7073.0	5
7074.0	6
7075.0	6
7076.0	6
7077.0	6
7078.0	6
7079.0	6
7080.0	6
7081.0	6
7082.0	6
7083.0	6
7084.0	6
7085.0	6
7086.0	6
7087.0	7
7088.0	6
7089.0	6
7090.0	5
7091.0	6
7092.0	5
7093.0	6
7094.0	6
7095.0	5
7096.0	5
7097.0	5
7098.0	5
7099.0	5
7100.0	6
7101.0	5
7102.0	5
7103.0	5
7104.0	5
7105.0	5
7106.0	5
7107.0	5
7108.0	6
7109.0	5
7110.0	5
7111.0	5
7112.0	6
7113.0	6
7114.0	6
7115.0	6
7116.0	6
7117.0	5
7118.0	5
7119.0	5
7120.0	5
7121.0	5
7122.0	5
7123.0	6
7124.0	6
7125.0	6
7126.0	6
7127.0	6
7128.0	6
7129.0	6
7130.0	6
7131.0	5
7132.0	6
7133.0	6
7134.0	6
7135.0	6
7136.0	6
7137.0	6
7138.0	6
7139.0	6
7140.0	6
7141.0	6
7142.0	6
7143.0	6
7144.0	6
7145.0	6
7146.0	6
7147.0	6
7148.0	6
7149.0	7
7150.0	7
7151.0	6
7152.0	6
7153.0	6
7154.0	6
7155.0	6
7156.0	7
7157.0	7
7158.0	6
7159.0	6
7160.0	7
7161.0	6
7162.0	6
7163.0	6
7164.0	6
7165.0	7
7166.0	7
7167.0	6
7168.0	6
7169.0	6
7170.0	8
7171.0	7
7172.0	7
7173.0	7
7174.0	8
7175.0	7
7176.0	7
7177.0	7
7178.0	7
7179.0	7
7180.0	7
7181.0	7
7182.0	7
7183.0	7
7184.0	6
7185.0	6
7186.0	6
7187.0	6
7188.0	6
7189.0	6
7190.0	6
7191.0	6
7192.0	6
7193.0	6
7194.0	6
7195.0	4
7196.0	4
7197.0	4
7198.0	4
7199.0	4
7200.0	4
7201.0	4
7202.0	5
7203.0	4
7204.0	4
7205.0	4
7206.0	4
7207.0	4
7208.0	4
7209.0	4
7210.0	4
7211.0	4
7212.0	5
7213.0	4
7214.0	3
7215.0	3
7216.0	4
7217.0	4
7218.0	4
7219.0	4
7220.0	4
7221.0	4
7222.0	4
7223.0	4
7224.0	4
7225.0	4
7226.0	4
7227.0	4
7228.0	4
7229.0	4
7230.0	4
7231.0	4
7232.0	4
7233.0	4
7234.0	4
7235.0	4
7236.0	4
7237.0	4
7238.0	4
7239.0	4
7240.0	5
7241.0	5
7242.0	6
7243.0	6
7244.0	5
7245.0	5
7246.0	5
7247.0	5
7248.0	5
7249.0	5
7250.0	4
7251.0	4
7252.0	4
7253.0	5
7254.0	5
7255.0	5
7256.0	5
7257.0	5
7258.0	5
7259.0	5
7260.0	5
7261.0	3
7262.0	3
7263.0	3
7264.0	3
7265.0	3
7266.0	3
7267.0	3
7268.0	4
7269.0	4
7270.0	5
7271.0	5
7272.0	5
7273.0	5
7274.0	5
7275.0	4
7276.0	3
7277.0	4
7278.0	5
7279.0	3
7280.0	4
7281.0	4
7282.0	4
7283.0	4
7284.0	4
7285.0	4
7286.0	6
7287.0	6
7288.0	6
7289.0	6
7290.0	6
7291.0	6
7292.0	7
7293.0	7
7294.0	7
7295.0	5
7296.0	5
7297.0	5
7298.0	5
7299.0	5
7300.0	5
7301.0	5
7302.0	5
7303.0	5
7304.0	5
7305.0	5
7306.0	6
7307.0	5
7308.0	5
7309.0	5
7310.0	5
7311.0	5
7312.0	5
7313.0	5
7314.0	5
7315.0	5
7316.0	6
7317.0	7
7318.0	7
7319.0	7
7320.0	7
7321.0	6
7322.0	5
7323.0	5
7324.0	5
7325.0	5
7326.0	5
7327.0	5
7328.0	5
7329.0	5
7330.0	5
7331.0	5
7332.0	5
7333.0	5
7334.0	5
7335.0	5
7336.0	5
7337.0	5
7338.0	5
7339.0	5
7340.0	5
7341.0	5
7342.0	5
7343.0	5
7344.0	5
7345.0	5
7346.0	5
7347.0	5
7348.0	5
7349.0	5
7350.0	5
7351.0	5
7352.0	6
7353.0	6
7354.0	6
7355.0	5
7356.0	5
7357.0	5
7358.0	5
7359.0	5
7360.0	5
7361.0	5
7362.0	4
7363.0	4
7364.0	4
7365.0	4
7366.0	4
7367.0	4
7368.0	4
7369.0	4
7370.0	4
7371.0	4
7372.0	4
7373.0	4
7374.0	4
7375.0	4
7376.0	4
7377.0	4
7378.0	4
7379.0	4
7380.0	4
7381.0	5
7382.0	5
7383.0	5
7384.0	5
7385.0	5
7386.0	5
7387.0	5
7388.0	5
7389.0	6
7390.0	5
7391.0	6
7392.0	5
7393.0	6
7394.0	6
7395.0	5
7396.0	7
7397.0	7
7398.0	7
7399.0	7
7400.0	6
7401.0	6
7402.0	6
7403.0	6
7404.0	6
7405.0	6
7406.0	6
7407.0	6
7408.0	6
7409.0	7
7410.0	7
7411.0	7
7412.0	7
7413.0	6
7414.0	6
7415.0	6
7416.0	6
7417.0	6
7418.0	6
7419.0	6
7420.0	5
7421.0	5
7422.0	5
7423.0	5
7424.0	5
7425.0	5
7426.0	5
7427.0	6
7428.0	6
7429.0	5
7430.0	5
7431.0	5
7432.0	5
7433.0	5
7434.0	5
7435.0	5
7436.0	5
7437.0	5
7438.0	5
7439.0	5
7440.0	5
7441.0	5
7442.0	5
7443.0	5
7444.0	5
7445.0	6
7446.0	5
7447.0	6
7448.0	6
7449.0	6
7450.0	5
7451.0	6
7452.0	5
7453.0	5
7454.0	5
7455.0	5
7456.0	7
7457.0	6
7458.0	6
7459.0	6
7460.0	6
7461.0	5
7462.0	5
7463.0	5
7464.0	5
7465.0	6
7466.0	6
7467.0	5
7468.0	6
7469.0	6
7470.0	5
7471.0	6
7472.0	6
7473.0	6
7474.0	6
7475.0	6
7476.0	6
7477.0	6
7478.0	7
7479.0	7
7480.0	7
7481.0	7
7482.0	7
7483.0	7
7484.0	7
7485.0	7
7486.0	7
7487.0	7
7488.0	6
7489.0	7
7490.0	7
7491.0	7
7492.0	7
7493.0	6
7494.0	6
7495.0	6
7496.0	7
7497.0	6
7498.0	7
7499.0	6
7500.0	5
7501.0	6
7502.0	7
7503.0	6
7504.0	6
7505.0	6
7506.0	6
7507.0	6
7508.0	6
7509.0	6
7510.0	7
7511.0	6
7512.0	7
7513.0	8
7514.0	8
7515.0	8
7516.0	7
7517.0	7
7518.0	6
7519.0	7
7520.0	7
7521.0	6
7522.0	6
7523.0	6
7524.0	6
7525.0	7
7526.0	7
7527.0	6
7528.0	7
7529.0	7
7530.0	6
7531.0	7
7532.0	6
7533.0	6
7534.0	6
7535.0	6
7536.0	6
7537.0	5
7538.0	5
7539.0	5
7540.0	6
7541.0	6
7542.0	6
7543.0	6
7544.0	6
7545.0	7
7546.0	7
7547.0	7
7548.0	6
7549.0	6
7550.0	6
7551.0	6
7552.0	6
7553.0	7
7554.0	7
7555.0	7
7556.0	6
7557.0	5
7558.0	6
7559.0	6
7560.0	6
7561.0	6
7562.0	6
7563.0	6
7564.0	6
7565.0	6
7566.0	6
7567.0	6
7568.0	6
7569.0	6
7570.0	6
7571.0	6
7572.0	8
7573.0	7
7574.0	6
7575.0	5
7576.0	5
7577.0	6
7578.0	7
7579.0	6
7580.0	5
7581.0	6
7582.0	6
7583.0	6
7584.0	6
7585.0	7
7586.0	7
7587.0	7
7588.0	6
7589.0	5
7590.0	5
7591.0	7
7592.0	6
7593.0	6
7594.0	6
7595.0	6
7596.0	6
7597.0	5
7598.0	6
7599.0	5
7600.0	5
7601.0	4
7602.0	4
7603.0	4
7604.0	3
7605.0	2
7606.0	2
7607.0	4
7608.0	4
7609.0	4
7610.0	5
7611.0	5
7612.0	4
7613.0	4
7614.0	4
7615.0	4
7616.0	5
7617.0	5
7618.0	5
7619.0	5
7620.0	6
7621.0	7
7622.0	6
7623.0	6
7624.0	6
7625.0	6
7626.0	6
7627.0	6
7628.0	6
7629.0	6
7630.0	6
7631.0	6
7632.0	6
7633.0	7
7634.0	7
7635.0	7
7636.0	7
7637.0	7
7638.0	6
7639.0	6
7640.0	6
7641.0	6
7642.0	6
7643.0	6
7644.0	7
7645.0	7
7646.0	7
7647.0	5
7648.0	7
7649.0	6
7650.0	6
7651.0	5
7652.0	7
7653.0	5
7654.0	5
7655.0	5
7656.0	5
7657.0	5
7658.0	4
7659.0	4
7660.0	6
7661.0	6
7662.0	6
7663.0	6
7664.0	6
7665.0	5
7666.0	6
7667.0	4
7668.0	5
7669.0	4
7670.0	4
7671.0	4
7672.0	4
7673.0	5
7674.0	5
7675.0	5
7676.0	3
7677.0	4
7678.0	5
7679.0	4
7680.0	5
7681.0	4
7682.0	4
7683.0	4
7684.0	4
7685.0	3
7686.0	3
7687.0	4
7688.0	4
7689.0	4
7690.0	4
7691.0	4
7692.0	4
7693.0	5
7694.0	5
7695.0	5
7696.0	5
7697.0	5
7698.0	5
7699.0	5
7700.0	5
7701.0	5
7702.0	5
7703.0	5
7704.0	5
7705.0	5
7706.0	5
7707.0	5
7708.0	5
7709.0	5
7710.0	5
7711.0	5
7712.0	5
7713.0	5
7714.0	5
7715.0	5
7716.0	6
7717.0	5
7718.0	5
7719.0	6
7720.0	5
7721.0	6
7722.0	6
7723.0	6
7724.0	6
7725.0	5
7726.0	6
7727.0	5
7728.0	5
7729.0	5
7730.0	5
7731.0	5
7732.0	5
7733.0	5
7734.0	5
7735.0	5
7736.0	6
7737.0	6
7738.0	5
7739.0	6
7740.0	6
7741.0	6
7742.0	6
7743.0	6
7744.0	5
7745.0	6
7746.0	6
7747.0	6
7748.0	6
7749.0	6
7750.0	6
7751.0	6
7752.0	5
7753.0	6
7754.0	6
7755.0	6
7756.0	6
7757.0	6
7758.0	5
7759.0	5
7760.0	5
7761.0	5
7762.0	6
7763.0	6
7764.0	6
7765.0	6
7766.0	5
7767.0	5
7768.0	5
7769.0	5
7770.0	5
7771.0	5
7772.0	5
7773.0	5
7774.0	5
7775.0	5
7776.0	5
7777.0	5
7778.0	5
7779.0	5
7780.0	5
7781.0	5
7782.0	5
7783.0	5
7784.0	5
7785.0	5
7786.0	5
7787.0	5
7788.0	5
7789.0	5
7790.0	5
7791.0	5
7792.0	5
7793.0	5
7794.0	5
7795.0	5
7796.0	5
7797.0	5
7798.0	5
7799.0	5
7800.0	5
7801.0	5
7802.0	5
7803.0	5
7804.0	5
7805.0	5
7806.0	5
7807.0	5
7808.0	5
7809.0	5
7810.0	5
7811.0	5
7812.0	5
7813.0	5
7814.0	5
7815.0	5
7816.0	5
7817.0	5
7818.0	5
7819.0	5
7820.0	5
7821.0	6
7822.0	6
7823.0	5
7824.0	5
7825.0	6
7826.0	6
7827.0	6
7828.0	6
7829.0	6
7830.0	6
7831.0	6
7832.0	6
7833.0	6
7834.0	6
7835.0	6
7836.0	6
7837.0	6
7838.0	6
7839.0	6
7840.0	5
7841.0	5
7842.0	5
7843.0	5
7844.0	6
7845.0	6
7846.0	5
7847.0	5
7848.0	5
7849.0	5
7850.0	5
7851.0	5
7852.0	5
7853.0	4
7854.0	4
7855.0	5
7856.0	5
7857.0	5
7858.0	4
7859.0	4
7860.0	4
7861.0	4
7862.0	4
7863.0	4
7864.0	4
7865.0	4
7866.0	4
7867.0	4
7868.0	4
7869.0	5
7870.0	4
7871.0	4
7872.0	4
7873.0	4
7874.0	4
7875.0	4
7876.0	4
7877.0	4
7878.0	4
7879.0	5
7880.0	4
7881.0	5
7882.0	6
7883.0	5
7884.0	5
7885.0	5
7886.0	4
7887.0	5
7888.0	5
7889.0	5
7890.0	5
7891.0	5
7892.0	5
7893.0	5
7894.0	5
7895.0	5
7896.0	5
7897.0	5
7898.0	5
7899.0	5
7900.0	5
7901.0	5
7902.0	5
7903.0	5
7904.0	5
7905.0	6
7906.0	6
7907.0	6
7908.0	6
7909.0	6
7910.0	6
7911.0	6
7912.0	6
7913.0	6
7914.0	6
7915.0	6
7916.0	6
7917.0	6
7918.0	7
7919.0	6
7920.0	6
7921.0	6
7922.0	6
7923.0	7
7924.0	7
7925.0	6
7926.0	6
7927.0	6
7928.0	6
7929.0	6
7930.0	6
7931.0	7
7932.0	7
7933.0	7
7934.0	7
7935.0	7
7936.0	7
7937.0	7
7938.0	7
7939.0	7
7940.0	7
7941.0	7
7942.0	6
7943.0	7
7944.0	7
7945.0	7
7946.0	6
7947.0	6
7948.0	7
7949.0	7
7950.0	7
7951.0	7
7952.0	7
7953.0	7
7954.0	6
7955.0	6
7956.0	6
7957.0	6
7958.0	7
7959.0	6
7960.0	6
7961.0	6
7962.0	7
7963.0	7
7964.0	7
7965.0	8
7966.0	8
7967.0	7
7968.0	6
7969.0	6
7970.0	6
7971.0	7
7972.0	6
7973.0	6
7974.0	7
7975.0	7
7976.0	6
7977.0	6
7978.0	6
7979.0	6
7980.0	6
7981.0	6
7982.0	6
7983.0	5
7984.0	5
7985.0	5
7986.0	5
7987.0	5
7988.0	5
7989.0	6
7990.0	6
7991.0	6
7992.0	5
7993.0	5
7994.0	5
7995.0	5
7996.0	5
7997.0	5
7998.0	5
7999.0	5
8000.0	5
8001.0	5
8002.0	5
8003.0	5
8004.0	6
8005.0	6
8006.0	5
8007.0	5
8008.0	5
8009.0	5
8010.0	6
8011.0	6
8012.0	7
8013.0	7
8014.0	5
8015.0	5
8016.0	5
8017.0	5
8018.0	5
8019.0	6
8020.0	5
8021.0	5
8022.0	5
8023.0	5
8024.0	6
8025.0	6
8026.0	6
8027.0	6
8028.0	5
8029.0	6
8030.0	6
8031.0	6
8032.0	6
8033.0	5
8034.0	6
8035.0	5
8036.0	6
8037.0	5
8038.0	5
8039.0	5
8040.0	5
8041.0	7
8042.0	6
8043.0	6
8044.0	6
8045.0	6
8046.0	6
8047.0	6
8048.0	6
8049.0	5
8050.0	6
8051.0	6
8052.0	5
8053.0	6
8054.0	6
8055.0	6
8056.0	5
8057.0	6
8058.0	6
8059.0	6
8060.0	6
8061.0	6
8062.0	5
8063.0	5
8064.0	5
8065.0	5
8066.0	8
8067.0	7
8068.0	7
8069.0	8
8070.0	7
8071.0	8
8072.0	8
8073.0	7
8074.0	7
8075.0	7
8076.0	7
8077.0	8
8078.0	8
8079.0	7
8080.0	7
8081.0	7
8082.0	7
8083.0	7
8084.0	7
8085.0	6
8086.0	7
8087.0	6
8088.0	6
8089.0	6
8090.0	5
8091.0	5
8092.0	5
8093.0	5
8094.0	5
8095.0	5
8096.0	6
8097.0	6
8098.0	6
8099.0	6
8100.0	6
8101.0	6
8102.0	6
8103.0	6
8104.0	6
8105.0	6
8106.0	6
8107.0	6
8108.0	7
8109.0	7
8110.0	6
8111.0	6
8112.0	6
8113.0	6
8114.0	7
8115.0	7
8116.0	6
8117.0	6
8118.0	5
8119.0	6
8120.0	7
8121.0	7
8122.0	7
8123.0	6
8124.0	7
8125.0	8
8126.0	7
8127.0	6
8128.0	6
8129.0	6
8130.0	6
8131.0	7
8132.0	6
8133.0	7
8134.0	7
8135.0	7
8136.0	7
8137.0	6
8138.0	6
8139.0	6
8140.0	5
8141.0	6
8142.0	6
8143.0	4
8144.0	4
8145.0	4
8146.0	4
8147.0	4
8148.0	6
8149.0	5
8150.0	5
8151.0	6
8152.0	5
8153.0	5
8154.0	6
8155.0	6
8156.0	6
8157.0	6
8158.0	5
8159.0	6
8160.0	7
8161.0	6
8162.0	6
8163.0	6
8164.0	6
8165.0	6
8166.0	6
8167.0	6
8168.0	6
8169.0	6
8170.0	6
8171.0	7
8172.0	6
8173.0	6
8174.0	6
8175.0	6
8176.0	6
8177.0	6
8178.0	6
8179.0	6
8180.0	6
8181.0	6
8182.0	6
8183.0	6
8184.0	6
8185.0	6
8186.0	6
8187.0	6
8188.0	6
8189.0	6
8190.0	6
8191.0	6
8192.0	6
8193.0	6
8194.0	6
8195.0	6
8196.0	6
8197.0	6
8198.0	6
8199.0	6
8200.0	6
8201.0	6
8202.0	6
8203.0	6
8204.0	6
8205.0	6
8206.0	7
8207.0	7
8208.0	7
8209.0	7
8210.0	7
8211.0	7
8212.0	7
8213.0	7
8214.0	7
8215.0	7
8216.0	7
8217.0	7
8218.0	6
8219.0	6
8220.0	6
8221.0	6
8222.0	6
8223.0	6
8224.0	6
8225.0	6
8226.0	6
8227.0	5
8228.0	5
8229.0	5
8230.0	6
8231.0	6
8232.0	6
8233.0	7
8234.0	7
8235.0	7
8236.0	7
8237.0	7
8238.0	7
8239.0	7
8240.0	7
8241.0	7
8242.0	6
8243.0	6
8244.0	6
8245.0	6
8246.0	6
8247.0	6
8248.0	6
8249.0	6
8250.0	6
8251.0	6
8252.0	6
8253.0	5
8254.0	6
8255.0	6
8256.0	6
8257.0	6
8258.0	6
8259.0	6
8260.0	6
8261.0	6
8262.0	6
8263.0	5
8264.0	5
8265.0	5
8266.0	6
8267.0	6
8268.0	6
8269.0	6
8270.0	5
8271.0	6
8272.0	6
8273.0	6
8274.0	6
8275.0	6
8276.0	6
8277.0	6
8278.0	6
8279.0	6
8280.0	6
8281.0	6
8282.0	6
8283.0	6
8284.0	6
8285.0	6
8286.0	6
8287.0	6
8288.0	6
8289.0	6
8290.0	6
8291.0	7
8292.0	7
8293.0	7
8294.0	6
8295.0	6
8296.0	7
8297.0	7
8298.0	6
8299.0	7
8300.0	7
8301.0	6
8302.0	7
8303.0	7
8304.0	7
8305.0	7
8306.0	7
8307.0	7
8308.0	7
8309.0	8
8310.0	8
8311.0	8
8312.0	8
8313.0	8
8314.0	8
8315.0	8
8316.0	8
8317.0	7
8318.0	7
8319.0	8
8320.0	7
8321.0	8
8322.0	7
8323.0	6
8324.0	6
8325.0	7
8326.0	6
8327.0	7
8328.0	8
8329.0	7
8330.0	8
8331.0	8
8332.0	7
8333.0	7
8334.0	7
8335.0	7
8336.0	8
8337.0	8
8338.0	9
8339.0	8
8340.0	8
8341.0	8
8342.0	8
8343.0	7
8344.0	6
8345.0	7
8346.0	6
8347.0	6
8348.0	6
8349.0	7
8350.0	7
8351.0	8
8352.0	8
8353.0	7
8354.0	6
8355.0	6
8356.0	6
8357.0	6
8358.0	4
8359.0	5
8360.0	5
8361.0	6
8362.0	4
8363.0	4
8364.0	5
8365.0	6
8366.0	5
8367.0	5
8368.0	7
8369.0	4
8370.0	3
8371.0	5
8372.0	6
8373.0	6
8374.0	7
8375.0	7
8376.0	7
8377.0	7
8378.0	7
8379.0	7
8380.0	7
8381.0	7
8382.0	7
8383.0	6
8384.0	6
8385.0	6
8386.0	7
8387.0	6
8388.0	5
8389.0	6
8390.0	6
8391.0	5
8392.0	6
8393.0	6
8394.0	6
8395.0	6
8396.0	6
8397.0	6
8398.0	6
8399.0	6
8400.0	6
8401.0	6
8402.0	6
8403.0	6
8404.0	6
8405.0	6
8406.0	6
8407.0	6
8408.0	6
8409.0	5
8410.0	5
8411.0	5
8412.0	6
8413.0	5
8414.0	5
8415.0	5
8416.0	5
8417.0	5
8418.0	6
8419.0	5
8420.0	6
8421.0	5
8422.0	5
8423.0	5
8424.0	5
8425.0	5
8426.0	5
8427.0	5
8428.0	5
8429.0	5
8430.0	6
8431.0	6
8432.0	5
8433.0	5
8434.0	5
8435.0	5
8436.0	5
8437.0	5
8438.0	5
8439.0	5
8440.0	5
8441.0	5
8442.0	5
8443.0	5
8444.0	5
8445.0	5
8446.0	5
8447.0	5
8448.0	5
8449.0	5
8450.0	6
8451.0	6
8452.0	6
8453.0	6
8454.0	5
8455.0	5
8456.0	5
8457.0	5
8458.0	6
8459.0	5
8460.0	6
8461.0	5
8462.0	5
8463.0	5
8464.0	5
8465.0	5
8466.0	5
8467.0	6
8468.0	5
8469.0	6
8470.0	6
8471.0	6
8472.0	6
8473.0	5
8474.0	5
8475.0	5
8476.0	4
8477.0	4
8478.0	4
8479.0	4
8480.0	4
8481.0	4
8482.0	4
8483.0	5
8484.0	5
8485.0	5
8486.0	5
8487.0	4
8488.0	4
8489.0	4
8490.0	5
8491.0	4
8492.0	4
8493.0	4
8494.0	5
8495.0	4
8496.0	5
8497.0	5
8498.0	5
8499.0	5
8500.0	6
8501.0	5
8502.0	5
8503.0	5
8504.0	5
8505.0	6
8506.0	6
8507.0	6
8508.0	6
8509.0	7
8510.0	7
8511.0	7
8512.0	7
8513.0	7
8514.0	7
8515.0	6
8516.0	6
8517.0	6
8518.0	6
8519.0	6
8520.0	6
8521.0	6
8522.0	6
8523.0	6
8524.0	6
8525.0	5
8526.0	5
8527.0	6
8528.0	5
8529.0	5
8530.0	6
8531.0	6
8532.0	6
8533.0	6
8534.0	6
8535.0	6
8536.0	6
8537.0	6
8538.0	6
8539.0	7
8540.0	7
8541.0	7
8542.0	7
8543.0	7
8544.0	7
8545.0	7
8546.0	7
8547.0	5
8548.0	6
8549.0	7
8550.0	6
8551.0	5
8552.0	5
8553.0	6
8554.0	6
8555.0	6
8556.0	6
8557.0	6
8558.0	6
8559.0	6
8560.0	6
8561.0	6
8562.0	6
8563.0	6
8564.0	5
8565.0	5
8566.0	5
8567.0	5
8568.0	5
8569.0	4
8570.0	4
8571.0	5
8572.0	5
8573.0	5
8574.0	5
8575.0	6
8576.0	7
8577.0	6
8578.0	6
8579.0	6
8580.0	6
8581.0	6
8582.0	6
8583.0	6
8584.0	6
8585.0	6
8586.0	5
8587.0	4
8588.0	4
8589.0	3
8590.0	3
8591.0	4
8592.0	4
8593.0	3
8594.0	3
8595.0	3
8596.0	4
8597.0	4
8598.0	5
8599.0	5
8600.0	5
8601.0	5
8602.0	5
8603.0	5
8604.0	5
8605.0	6
8606.0	6
8607.0	6
8608.0	6
8609.0	6
8610.0	6
8611.0	6
8612.0	6
8613.0	6
8614.0	6
8615.0	6
8616.0	6
8617.0	6
8618.0	6
8619.0	6
8620.0	6
8621.0	6
8622.0	6
8623.0	6
8624.0	6
8625.0	6
8626.0	6
8627.0	4
8628.0	5
8629.0	5
8630.0	5
8631.0	4
8632.0	4
8633.0	4
8634.0	4
8635.0	4
8636.0	4
8637.0	4
8638.0	4
8639.0	3
8640.0	4
8641.0	4
8642.0	5
8643.0	5
8644.0	6
8645.0	6
8646.0	6
8647.0	6
8648.0	6
8649.0	6
8650.0	5
8651.0	5
8652.0	5
8653.0	4
8654.0	4
8655.0	4
8656.0	4
8657.0	4
8658.0	5
8659.0	5
8660.0	5
8661.0	5
8662.0	5
8663.0	4
8664.0	4
8665.0	4
8666.0	4
8667.0	4
8668.0	5
8669.0	5
8670.0	5
8671.0	5
8672.0	4
8673.0	4
8674.0	4
8675.0	4
8676.0	4
8677.0	4
8678.0	4
8679.0	5
8680.0	5
8681.0	6
8682.0	5
8683.0	5
8684.0	5
8685.0	4
8686.0	4
8687.0	5
8688.0	4
8689.0	4
8690.0	4
8691.0	4
8692.0	5
8693.0	4
8694.0	4
8695.0	4
8696.0	6
8697.0	5
8698.0	5
8699.0	5
8700.0	5
8701.0	5
8702.0	4
8703.0	5
8704.0	5
8705.0	5
8706.0	5
8707.0	5
8708.0	5
8709.0	5
8710.0	5
8711.0	5
8712.0	5
8713.0	5
8714.0	5
8715.0	4
8716.0	6
8717.0	4
8718.0	4
8719.0	4
8720.0	4
8721.0	5
8722.0	5
8723.0	5
8724.0	5
8725.0	5
8726.0	5
8727.0	5
8728.0	5
8729.0	5
8730.0	5
8731.0	5
8732.0	5
8733.0	5
8734.0	6
8735.0	6
8736.0	6
8737.0	6
8738.0	6
8739.0	6
8740.0	6
8741.0	6
8742.0	6
8743.0	6
8744.0	7
8745.0	7
8746.0	7
8747.0	6
8748.0	6
8749.0	6
8750.0	6
8751.0	6
8752.0	6
8753.0	6
8754.0	6
8755.0	6
8756.0	6
8757.0	6
8758.0	7
8759.0	7
8760.0	6
8761.0	6
8762.0	7
8763.0	6
8764.0	6
8765.0	6
8766.0	6
8767.0	6
8768.0	6
8769.0	6
8770.0	6
8771.0	6
8772.0	6
8773.0	6
8774.0	6
8775.0	6
8776.0	6
8777.0	6
8778.0	6
8779.0	6
8780.0	6
8781.0	6
8782.0	6
8783.0	6
8784.0	6
8785.0	6
8786.0	5
8787.0	5
8788.0	5
8789.0	5
8790.0	5
8791.0	5
8792.0	5
8793.0	5
8794.0	5
8795.0	5
8796.0	5
8797.0	5
8798.0	5
8799.0	5
8800.0	5
8801.0	5
8802.0	5
8803.0	5
8804.0	5
8805.0	6
8806.0	6
8807.0	6
8808.0	7
8809.0	6
8810.0	6
8811.0	5
8812.0	5
8813.0	6
8814.0	6
8815.0	6
8816.0	6
8817.0	6
8818.0	6
8819.0	6
8820.0	6
8821.0	6
8822.0	6
8823.0	6
8824.0	6
8825.0	7
8826.0	6
8827.0	6
8828.0	5
8829.0	6
8830.0	6
8831.0	6
8832.0	7
8833.0	6
8834.0	6
8835.0	6
8836.0	6
8837.0	6
8838.0	7
8839.0	7
8840.0	7
8841.0	7
8842.0	7
8843.0	7
8844.0	7
8845.0	7
8846.0	7
8847.0	7
8848.0	7
8849.0	7
8850.0	7
8851.0	6
8852.0	5
8853.0	6
8854.0	6
8855.0	7
8856.0	5
8857.0	5
8858.0	5
8859.0	6
8860.0	5
8861.0	4
8862.0	4
8863.0	5
8864.0	5
8865.0	5
8866.0	5
8867.0	5
8868.0	5
8869.0	5
8870.0	5
8871.0	5
8872.0	5
8873.0	5
8874.0	5
8875.0	5
8876.0	5
8877.0	5
8878.0	5
8879.0	5
8880.0	5
8881.0	5
8882.0	6
8883.0	6
8884.0	5
8885.0	6
8886.0	6
8887.0	5
8888.0	5
8889.0	5
8890.0	5
8891.0	5
8892.0	4
8893.0	6
8894.0	5
8895.0	5
8896.0	4
8897.0	5
8898.0	5
8899.0	5
8900.0	5
8901.0	5
8902.0	5
8903.0	5
8904.0	5
8905.0	5
8906.0	5
8907.0	5
8908.0	5
8909.0	5
8910.0	5
8911.0	5
8912.0	5
8913.0	5
8914.0	5
8915.0	5
8916.0	5
8917.0	5
8918.0	5
8919.0	5
8920.0	6
8921.0	5
8922.0	5
8923.0	5
8924.0	5
8925.0	6
8926.0	5
8927.0	5
8928.0	5
8929.0	5
8930.0	5
8931.0	5
8932.0	5
8933.0	5
8934.0	5
8935.0	5
8936.0	5
8937.0	5
8938.0	5
8939.0	5
8940.0	5
8941.0	5
8942.0	5
8943.0	5
8944.0	5
8945.0	5
8946.0	6
8947.0	6
8948.0	6
8949.0	6
8950.0	5
8951.0	6
8952.0	5
8953.0	5
8954.0	5
8955.0	5
8956.0	5
8957.0	5
8958.0	5
8959.0	5
8960.0	5
8961.0	5
8962.0	5
8963.0	5
8964.0	5
8965.0	5
8966.0	5
8967.0	5
8968.0	5
8969.0	5
8970.0	5
8971.0	5
8972.0	5
8973.0	5
8974.0	5
8975.0	5
8976.0	5
8977.0	5
8978.0	5
8979.0	5
8980.0	5
8981.0	5
8982.0	5
8983.0	5
8984.0	5
8985.0	5
8986.0	5
8987.0	5
8988.0	5
8989.0	5
8990.0	5
8991.0	5
8992.0	5
8993.0	5
8994.0	5
8995.0	5
8996.0	5
8997.0	5
8998.0	5
8999.0	5
9000.0	5
9001.0	5
9002.0	5
9003.0	5
9004.0	5
9005.0	5
9006.0	5
9007.0	5
9008.0	5
9009.0	5
9010.0	5
9011.0	5
9012.0	5
9013.0	5
9014.0	5
9015.0	5
9016.0	5
9017.0	5
9018.0	5
9019.0	5
9020.0	5
9021.0	5
9022.0	5
9023.0	5
9024.0	5
9025.0	5
9026.0	5
9027.0	5
9028.0	5
9029.0	5
9030.0	5
9031.0	5
9032.0	5
9033.0	5
9034.0	5
9035.0	5
9036.0	5
9037.0	5
9038.0	5
9039.0	5
9040.0	5
9041.0	5
9042.0	5
9043.0	5
9044.0	5
9045.0	5
9046.0	5
9047.0	5
9048.0	5
9049.0	5
9050.0	5
9051.0	5
9052.0	5
9053.0	5
9054.0	5
9055.0	5
9056.0	6
9057.0	6
9058.0	6
9059.0	5
9060.0	5
9061.0	5
9062.0	5
9063.0	6
9064.0	6
9065.0	6
9066.0	6
9067.0	6
9068.0	6
9069.0	6
9070.0	5
9071.0	6
9072.0	5
9073.0	5
9074.0	5
9075.0	5
9076.0	5
9077.0	6
9078.0	6
9079.0	6
9080.0	6
9081.0	6
9082.0	6
9083.0	6
9084.0	6
9085.0	6
9086.0	6
9087.0	6
9088.0	6
9089.0	6
9090.0	6
9091.0	6
9092.0	6
9093.0	6
9094.0	6
9095.0	6
9096.0	6
9097.0	6
9098.0	6
9099.0	6
9100.0	6
9101.0	6
9102.0	6
9103.0	6
9104.0	5
9105.0	6
9106.0	5
9107.0	6
9108.0	6
9109.0	6
9110.0	6
9111.0	6
9112.0	6
9113.0	6
9114.0	6
9115.0	6
9116.0	6
9117.0	6
9118.0	6
9119.0	6
9120.0	6
9121.0	6
9122.0	6
9123.0	6
9124.0	6
9125.0	6
9126.0	6
9127.0	6
9128.0	6
9129.0	6
9130.0	6
9131.0	5
9132.0	5
9133.0	5
9134.0	5
9135.0	5
9136.0	5
9137.0	5
9138.0	5
9139.0	4
9140.0	4
9141.0	5
9142.0	5
9143.0	5
9144.0	5
9145.0	5
9146.0	5
9147.0	5
9148.0	6
9149.0	5
9150.0	5
9151.0	5
9152.0	5
9153.0	5
9154.0	6
9155.0	6
9156.0	6
9157.0	6
9158.0	6
9159.0	6
9160.0	6
9161.0	6
9162.0	7
9163.0	7
9164.0	8
9165.0	8
9166.0	8
9167.0	8
9168.0	8
9169.0	8
9170.0	8
9171.0	8
9172.0	8
9173.0	8
9174.0	7
9175.0	8
9176.0	7
9177.0	8
9178.0	7
9179.0	6
9180.0	7
9181.0	7
9182.0	6
9183.0	6
9184.0	6
9185.0	7
9186.0	6
9187.0	7
9188.0	7
9189.0	7
9190.0	7
9191.0	6
9192.0	6
9193.0	6
9194.0	6
9195.0	6
9196.0	6
9197.0	6
9198.0	6
9199.0	6
9200.0	6
9201.0	6
9202.0	6
9203.0	6
9204.0	6
9205.0	6
9206.0	6
9207.0	6
9208.0	6
9209.0	6
9210.0	6
9211.0	6
9212.0	5
9213.0	5
9214.0	5
9215.0	5
9216.0	5
9217.0	4
9218.0	4
9219.0	4
9220.0	4
9221.0	4
9222.0	4
9223.0	4
9224.0	4
9225.0	4
9226.0	4
9227.0	4
9228.0	4
9229.0	5
9230.0	5
9231.0	5
9232.0	5
9233.0	5
9234.0	5
9235.0	5
9236.0	5
9237.0	5
9238.0	5
9239.0	5
9240.0	5
9241.0	5
9242.0	5
9243.0	5
9244.0	5
9245.0	5
9246.0	5
9247.0	5
9248.0	5
9249.0	5
9250.0	5
9251.0	5
9252.0	6
9253.0	6
9254.0	6
9255.0	6
9256.0	6
9257.0	6
9258.0	6
9259.0	7
9260.0	7
9261.0	7
9262.0	7
9263.0	7
9264.0	6
9265.0	6
9266.0	6
9267.0	7
9268.0	6
9269.0	7
9270.0	7
9271.0	6
9272.0	6
9273.0	6
9274.0	6
9275.0	6
9276.0	6
9277.0	6
9278.0	6
9279.0	6
9280.0	6
9281.0	6
9282.0	5
9283.0	6
9284.0	6
9285.0	6
9286.0	6
9287.0	6
9288.0	5
9289.0	6
9290.0	4
9291.0	5
9292.0	5
9293.0	4
9294.0	6
9295.0	6
9296.0	6
9297.0	6
9298.0	6
9299.0	6
9300.0	5
9301.0	6
9302.0	6
9303.0	5
9304.0	6
9305.0	6
9306.0	5
9307.0	5
9308.0	5
9309.0	5
9310.0	5
9311.0	5
9312.0	5
9313.0	5
9314.0	5
9315.0	6
9316.0	5
9317.0	6
9318.0	6
9319.0	7
9320.0	7
9321.0	6
9322.0	6
9323.0	6
9324.0	5
9325.0	7
9326.0	5
9327.0	6
9328.0	6
9329.0	6
9330.0	6
9331.0	6
9332.0	5
9333.0	5
9334.0	5
9335.0	5
9336.0	5
9337.0	6
9338.0	5
9339.0	5
9340.0	6
9341.0	5
9342.0	5
9343.0	5
9344.0	5
9345.0	5
9346.0	5
9347.0	7
9348.0	7
9349.0	7
9350.0	6
9351.0	5
9352.0	6
9353.0	6
9354.0	6
9355.0	5
9356.0	5
9357.0	6
9358.0	7
9359.0	7
9360.0	7
9361.0	7
9362.0	7
9363.0	7
9364.0	7
9365.0	7
9366.0	7
9367.0	7
9368.0	7
9369.0	6
9370.0	5
9371.0	5
9372.0	5
9373.0	5
9374.0	5
9375.0	5
9376.0	5
9377.0	5
9378.0	6
9379.0	5
9380.0	5
9381.0	5
9382.0	5
9383.0	5
9384.0	6
9385.0	6
9386.0	6
9387.0	6
9388.0	6
9389.0	6
9390.0	6
9391.0	7
9392.0	7
9393.0	7
9394.0	6
9395.0	6
9396.0	6
9397.0	6
9398.0	6
9399.0	6
9400.0	6
9401.0	7
9402.0	6
9403.0	5
9404.0	6
9405.0	6
9406.0	6
9407.0	6
9408.0	5
9409.0	5
9410.0	6
9411.0	6
9412.0	6
9413.0	6
9414.0	6
9415.0	6
9416.0	6
9417.0	6
9418.0	6
9419.0	6
9420.0	6
9421.0	5
9422.0	6
9423.0	5
9424.0	5
9425.0	6
9426.0	6
9427.0	6
9428.0	6
9429.0	6
9430.0	6
9431.0	5
9432.0	5
9433.0	6
9434.0	6
9435.0	5
9436.0	5
9437.0	6
9438.0	6
9439.0	6
9440.0	6
9441.0	5
9442.0	5
9443.0	6
9444.0	5
9445.0	6
9446.0	6
9447.0	6
9448.0	7
9449.0	7
9450.0	7
9451.0	7
9452.0	6
9453.0	6
9454.0	6
9455.0	6
9456.0	6
9457.0	5
9458.0	5
9459.0	5
9460.0	4
9461.0	4
9462.0	4
9463.0	4
9464.0	4
9465.0	4
9466.0	4
9467.0	4
9468.0	4
9469.0	4
9470.0	4
9471.0	4
9472.0	4
9473.0	4
9474.0	4
9475.0	5
9476.0	5
9477.0	5
9478.0	5
9479.0	4
9480.0	4
9481.0	4
9482.0	4
9483.0	4
9484.0	4
9485.0	5
9486.0	5
9487.0	5
9488.0	5
9489.0	4
9490.0	5
9491.0	4
9492.0	4
9493.0	4
9494.0	4
9495.0	4
9496.0	4
9497.0	4
9498.0	4
9499.0	4
9500.0	4
9501.0	4
9502.0	4
9503.0	4
9504.0	4
9505.0	4
9506.0	4
9507.0	4
9508.0	4
9509.0	4
9510.0	4
9511.0	4
9512.0	4
9513.0	4
9514.0	4
9515.0	4
9516.0	4
9517.0	4
9518.0	4
9519.0	4
9520.0	5
9521.0	4
9522.0	4
9523.0	4
9524.0	5
9525.0	6
9526.0	5
9527.0	5
9528.0	5
9529.0	7
9530.0	5
9531.0	6
9532.0	6
9533.0	7
9534.0	7
9535.0	6
9536.0	5
9537.0	6
9538.0	7
9539.0	7
9540.0	5
9541.0	5
9542.0	5
9543.0	6
9544.0	5
9545.0	6
9546.0	6
9547.0	6
9548.0	6
9549.0	5
9550.0	6
9551.0	6
9552.0	7
9553.0	7
9554.0	6
9555.0	6
9556.0	7
9557.0	6
9558.0	6
9559.0	7
9560.0	7
9561.0	7
9562.0	7
9563.0	7
9564.0	7
9565.0	7
9566.0	7
9567.0	7
9568.0	7
9569.0	7
9570.0	6
9571.0	7
9572.0	6
9573.0	6
9574.0	6
9575.0	6
9576.0	6
9577.0	6
9578.0	7
9579.0	5
9580.0	6
9581.0	6
9582.0	5
9583.0	5
9584.0	6
9585.0	6
9586.0	6
9587.0	6
9588.0	6
9589.0	6
9590.0	6
9591.0	6
9592.0	6
9593.0	6
9594.0	6
9595.0	7
9596.0	7
9597.0	7
9598.0	7
9599.0	7
9600.0	7
9601.0	6
9602.0	6
9603.0	5
9604.0	6
9605.0	5
9606.0	5
9607.0	5
9608.0	5
9609.0	5
9610.0	6
9611.0	6
9612.0	5
9613.0	6
9614.0	5
9615.0	5
9616.0	5
9617.0	5
9618.0	5
9619.0	5
9620.0	5
9621.0	5
9622.0	4
9623.0	4
9624.0	4
9625.0	4
9626.0	5
9627.0	5
9628.0	5
9629.0	6
9630.0	5
9631.0	5
9632.0	5
9633.0	5
9634.0	5
9635.0	5
9636.0	5
9637.0	5
9638.0	5
9639.0	6
9640.0	6
9641.0	6
9642.0	6